5.000200000000000000e+04
5.000300000000000000e+04
5.001300000000000000e+04
5.001700000000000000e+04
5.001900000000000000e+04
5.002600000000000000e+04
5.002800000000000000e+04
5.003900000000000000e+04
5.004300000000000000e+04
5.004900000000000000e+04
5.005300000000000000e+04
5.005400000000000000e+04
5.010300000000000000e+04
5.010600000000000000e+04
5.010800000000000000e+04
5.010900000000000000e+04
5.011000000000000000e+04
5.012000000000000000e+04
5.012300000000000000e+04
5.012400000000000000e+04
5.012600000000000000e+04
5.013500000000000000e+04
5.013700000000000000e+04
5.015500000000000000e+04
5.016200000000000000e+04
5.016300000000000000e+04
5.016400000000000000e+04
5.016500000000000000e+04
5.018500000000000000e+04
5.019200000000000000e+04
5.020200000000000000e+04
5.023800000000000000e+04
5.024200000000000000e+04
5.024400000000000000e+04
5.026500000000000000e+04
5.027900000000000000e+04
5.028100000000000000e+04
5.028600000000000000e+04
5.028800000000000000e+04
5.029600000000000000e+04
5.029900000000000000e+04
5.030300000000000000e+04
5.030400000000000000e+04
5.030500000000000000e+04
5.030600000000000000e+04
5.030800000000000000e+04
5.030900000000000000e+04
5.031100000000000000e+04
5.031200000000000000e+04
5.031300000000000000e+04
5.031600000000000000e+04
5.031700000000000000e+04
5.032200000000000000e+04
5.032300000000000000e+04
5.032800000000000000e+04
5.033300000000000000e+04
5.035400000000000000e+04
5.035900000000000000e+04
5.037100000000000000e+04
5.037600000000000000e+04
5.037800000000000000e+04
5.038000000000000000e+04
5.038100000000000000e+04
5.038300000000000000e+04
5.040300000000000000e+04
5.042200000000000000e+04
5.042300000000000000e+04
5.043200000000000000e+04
5.045000000000000000e+04
5.045100000000000000e+04
5.045200000000000000e+04
5.045300000000000000e+04
5.045400000000000000e+04
5.045600000000000000e+04
5.045700000000000000e+04
5.045800000000000000e+04
5.045900000000000000e+04
5.046000000000000000e+04
5.046100000000000000e+04
5.046200000000000000e+04
5.046400000000000000e+04
5.046500000000000000e+04
5.047000000000000000e+04
5.047100000000000000e+04
5.047200000000000000e+04
5.047300000000000000e+04
5.047400000000000000e+04
5.047500000000000000e+04
5.047600000000000000e+04
5.047800000000000000e+04
5.047900000000000000e+04
5.048100000000000000e+04
5.048400000000000000e+04
5.048900000000000000e+04
5.049500000000000000e+04
5.050100000000000000e+04
5.050600000000000000e+04
5.050800000000000000e+04
5.050900000000000000e+04
5.051000000000000000e+04
5.051100000000000000e+04
5.051200000000000000e+04
5.051300000000000000e+04
5.051700000000000000e+04
5.052200000000000000e+04
5.052300000000000000e+04
5.053100000000000000e+04
5.056500000000000000e+04
5.057800000000000000e+04
5.060200000000000000e+04
5.060800000000000000e+04
5.061000000000000000e+04
5.061500000000000000e+04
5.061800000000000000e+04
5.062200000000000000e+04
5.064200000000000000e+04
5.064300000000000000e+04
5.064400000000000000e+04
5.064500000000000000e+04
5.064600000000000000e+04
5.064700000000000000e+04
5.064800000000000000e+04
5.065000000000000000e+04
5.065200000000000000e+04
5.065400000000000000e+04
5.065500000000000000e+04
5.065600000000000000e+04
5.065800000000000000e+04
5.065900000000000000e+04
5.066000000000000000e+04
5.066100000000000000e+04
5.066300000000000000e+04
5.066400000000000000e+04
5.066500000000000000e+04
5.066600000000000000e+04
5.066700000000000000e+04
5.066800000000000000e+04
5.073400000000000000e+04
5.074400000000000000e+04
5.075000000000000000e+04
5.078400000000000000e+04
5.079300000000000000e+04
5.079400000000000000e+04
5.079600000000000000e+04
5.079700000000000000e+04
5.080100000000000000e+04
5.080500000000000000e+04
5.080600000000000000e+04
5.080700000000000000e+04
5.080800000000000000e+04
5.080900000000000000e+04
5.081000000000000000e+04
5.081100000000000000e+04
5.081300000000000000e+04
5.081500000000000000e+04
5.082600000000000000e+04
5.095200000000000000e+04
5.095300000000000000e+04
5.097100000000000000e+04
5.097500000000000000e+04
5.098000000000000000e+04
5.103000000000000000e+04
5.110800000000000000e+04
5.111500000000000000e+04
5.111900000000000000e+04
5.112000000000000000e+04
5.112500000000000000e+04
5.112700000000000000e+04
5.113600000000000000e+04
5.115900000000000000e+04
5.116100000000000000e+04
5.116600000000000000e+04
5.117600000000000000e+04
5.119500000000000000e+04
5.120100000000000000e+04
5.120200000000000000e+04
5.120300000000000000e+04
5.120400000000000000e+04
5.120700000000000000e+04
5.120900000000000000e+04
5.121300000000000000e+04
5.121500000000000000e+04
5.121900000000000000e+04
5.122700000000000000e+04
5.122800000000000000e+04
5.123100000000000000e+04
5.123200000000000000e+04
5.123300000000000000e+04
5.123800000000000000e+04
5.124200000000000000e+04
5.124300000000000000e+04
5.124400000000000000e+04
5.124500000000000000e+04
5.124600000000000000e+04
5.124700000000000000e+04
5.125800000000000000e+04
5.125900000000000000e+04
5.126300000000000000e+04
5.127000000000000000e+04
5.127400000000000000e+04
5.127800000000000000e+04
5.129200000000000000e+04
5.129600000000000000e+04
5.129700000000000000e+04
5.129900000000000000e+04
5.130000000000000000e+04
5.130400000000000000e+04
5.131000000000000000e+04
5.132000000000000000e+04
5.134100000000000000e+04
5.134800000000000000e+04
5.135000000000000000e+04
5.135200000000000000e+04
5.135300000000000000e+04
5.135400000000000000e+04
5.135800000000000000e+04
5.135900000000000000e+04
5.136100000000000000e+04
5.136600000000000000e+04
5.136700000000000000e+04
5.136800000000000000e+04
5.137100000000000000e+04
5.137200000000000000e+04
5.147500000000000000e+04
5.155600000000000000e+04
5.156800000000000000e+04
5.156900000000000000e+04
5.157500000000000000e+04
